#      WAVE        LUMINOSITY
       3600.0364       1.4206218
       3600.8654       1.3270843
       3601.6946       1.2477220
       3602.5240       1.3635928
       3603.3536       1.3089096
       3604.1834       1.3071951
       3605.0134       1.2411820
       3605.8436       1.2948375
       3606.6740       1.3630044
       3607.5045       1.3807553
       3608.3353       1.2800494
       3609.1662       1.3148509
       3609.9974       1.2566664
       3610.8287       1.2405329
       3611.6602       1.3051915
       3612.4919       1.2610500
       3613.3238       1.2905143
       3614.1559       1.3455477
       3614.9882       1.3581217
       3615.8207       1.3169780
       3616.6534       1.2955856
       3617.4862       1.2505789
       3618.3193       1.2353836
       3619.1525       1.2025063
       3619.9860       1.1533612
       3620.8196       1.2359537
       3621.6534       1.3713044
       3622.4874       1.3602520
       3623.3216       1.3876336
       3624.1560       1.4503060
       3624.9906       1.3271901
       3625.8254       1.3270117
       3626.6604       1.3855565
       3627.4955       1.3551397
       3628.3309       1.3511650
       3629.1664       1.2820872
       3630.0022       1.2306379
       3630.8381       1.2641781
       3631.6742       1.2764881
       3632.5106       1.2125228
       3633.3471       1.2212696
       3634.1838       1.3038173
       3635.0207       1.2433574
       3635.8578       1.3300322
       3636.6951       1.3673894
       3637.5325       1.3395898
       3638.3702       1.3650075
       3639.2081       1.3985046
       3640.0461       1.4252198
       3640.8844       1.4607492
       3641.7228       1.3462621
       3642.5614       1.2403875
       3643.4003       1.2410532
       3644.2393       1.2501466
       3645.0785       1.3366765
       3645.9179       1.4598782
       3646.7575       1.2480347
       3647.5973       1.1928093
       3648.4373       1.3034474
       3649.2775       1.3258024
       3650.1178       1.2943128
       3650.9584       1.2847013
       3651.7992       1.3404797
       3652.6401       1.3388874
       3653.4813       1.3797479
       3654.3226       1.4149161
       3655.1642       1.3838362
       3656.0059       1.3992908
       3656.8478       1.3996835
       3657.6899       1.4436829
       3658.5322       1.4822649
       3659.3747       1.5145321
       3660.2174       1.3261577
       3661.0603       1.3383529
       3661.9034       1.4224493
       3662.7467       1.3563262
       3663.5902       1.3409310
       3664.4339       1.3129206
       3665.2777       1.3711146
       3666.1218       1.3575174
       3666.9660       1.2848713
       3667.8105       1.3422252
       3668.6551       1.3730770
       3669.5000       1.3817552
       3670.3450       1.4142177
       3671.1902       1.5001772
       3672.0356       1.4104358
       3672.8812       1.3475468
       3673.7271       1.5081645
       3674.5731       1.4046944
       3675.4193       1.3726872
       3676.2657       1.4626950
       3677.1122       1.3593178
       3677.9590       1.3540799
       3678.8060       1.2867537
       3679.6532       1.2680979
       3680.5005       1.3411609
       3681.3481       1.3363809
       3682.1959       1.3504923
       3683.0438       1.3179674
       3683.8920       1.3520942
       3684.7403       1.3265848
       3685.5889       1.2990850
       3686.4376       1.2915267
       3687.2865       1.3375995
       3688.1357       1.3374540
       3688.9850       1.3249875
       3689.8345       1.3744715
       3690.6842       1.3935086
       3691.5341       1.3736088
       3692.3842       1.4296510
       3693.2345       1.4166512
       3694.0850       1.4250985
       3694.9357       1.3869341
       3695.7866       1.2373251
       3696.6377       1.3682108
       3697.4890       1.4155413
       3698.3404       1.3379700
       3699.1921       1.3934961
       3700.0440       1.4746241
       3700.8960       1.4484914
       3701.7483       1.3979589
       3702.6008       1.3850072
       3703.4534       1.3056974
       3704.3063       1.2775040
       3705.1593       1.2257109
       3706.0126       1.2306641
       3706.8660       1.2214369
       3707.7196       1.1618795
       3708.5735       1.2928260
       3709.4275       1.3442786
       3710.2817       1.3480727
       3711.1361       1.3375324
       3711.9908       1.3446245
       3712.8456       1.2920838
       3713.7006       1.3429671
       3714.5558       1.4002745
       3715.4112       1.4752122
       3716.2668       1.4091891
       3717.1226       1.4005665
       3717.9786       1.4574477
       3718.8348       1.4689277
       3719.6912       1.4017258
       3720.5478       1.2907585
       3721.4046       1.1904847
       3722.2616       1.2090168
       3723.1187       1.2456078
       3723.9761       1.6613973
       3724.8337       2.2648254
       3725.6915       2.8170570
       3726.5494       3.5312826
       3727.4076       4.2360770
       3728.2660       4.3941595
       3729.1245       4.2231605
       3729.9833       3.8875875
       3730.8423       3.3108094
       3731.7014       2.4570665
       3732.5608       1.7238606
       3733.4203       1.2907363
       3734.2801       1.1416181
       3735.1400       1.1320392
       3736.0002       1.1479500
       3736.8605       1.2281119
       3737.7211       1.3002543
       3738.5818       1.3873000
       3739.4427       1.4292606
       3740.3039       1.4785946
       3741.1652       1.5901792
       3742.0267       1.6251076
       3742.8885       1.6191483
       3743.7504       1.4993168
       3744.6125       1.4283797
       3745.4749       1.4222545
       3746.3374       1.3761484
       3747.2001       1.3056438
       3748.0630       1.2262401
       3748.9262       1.1243838
       3749.7895       1.1214585
       3750.6530       1.1551903
       3751.5167       1.1606664
       3752.3806       1.2738707
       3753.2448       1.2980016
       3754.1091       1.3887034
       3754.9736       1.4337868
       3755.8383       1.5274282
       3756.7032       1.6145220
       3757.5683       1.6066559
       3758.4336       1.5036591
       3759.2992       1.4644389
       3760.1649       1.4977831
       3761.0308       1.5286022
       3761.8969       1.5687024
       3762.7632       1.5775156
       3763.6297       1.5453683
       3764.4964       1.5515303
       3765.3633       1.4615324
       3766.2304       1.4291596
       3767.0977       1.4097020
       3767.9652       1.3747002
       3768.8329       1.3067355
       3769.7008       1.2934486
       3770.5689       1.4190141
       3771.4373       1.3520472
       3772.3058       1.2762450
       3773.1745       1.3167439
       3774.0434       1.4064200
       3774.9125       1.5043563
       3775.7818       1.5183553
       3776.6513       1.5044468
       3777.5210       1.6144014
       3778.3909       1.7187337
       3779.2610       1.7955740
       3780.1313       1.8333422
       3781.0018       1.7935838
       3781.8725       1.8119483
       3782.7434       1.9116805
       3783.6145       1.9217931
       3784.4859       1.8333789
       3785.3574       1.9315236
       3786.2291       1.8607979
       3787.1010       1.7645709
       3787.9731       1.7716188
       3788.8454       1.6828379
       3789.7179       1.6974294
       3790.5906       1.6932791
       3791.4636       1.6366359
       3792.3367       1.5907128
       3793.2100       1.5636750
       3794.0835       1.4735568
       3794.9572       1.3986471
       3795.8312       1.3445753
       3796.7053       1.2428019
       3797.5796       1.1882414
       3798.4541       1.2424676
       3799.3289       1.3043172
       3800.2038       1.3273164
       3801.0789       1.3722636
       3801.9542       1.4324953
       3802.8298       1.5191747
       3803.7055       1.5653607
       3804.5815       1.5903322
       3805.4576       1.6907539
       3806.3339       1.6969369
       3807.2105       1.7654996
       3808.0872       1.8068310
       3808.9642       1.7609985
       3809.8413       1.7735467
       3810.7187       1.7937986
       3811.5962       1.8735047
       3812.4740       1.8919177
       3813.3519       1.7817512
       3814.2301       1.6995323
       3815.1084       1.7044362
       3815.9870       1.7397978
       3816.8658       1.7069067
       3817.7447       1.7397690
       3818.6239       1.7515339
       3819.5033       1.6851525
       3820.3828       1.6570692
       3821.2626       1.6511869
       3822.1426       1.6723413
       3823.0228       1.6506123
       3823.9032       1.6446399
       3824.7838       1.6022081
       3825.6645       1.5156316
       3826.5455       1.4897304
       3827.4267       1.4698378
       3828.3081       1.4252440
       3829.1897       1.4325950
       3830.0715       1.4128737
       3830.9536       1.3555197
       3831.8358       1.3184608
       3832.7182       1.2622256
       3833.6008       1.2493565
       3834.4836       1.2084970
       3835.3666       1.1420196
       3836.2499       1.1822174
       3837.1333       1.2167092
       3838.0169       1.1734148
       3838.9008       1.1997835
       3839.7848       1.2434993
       3840.6691       1.3605091
       3841.5535       1.4501036
       3842.4382       1.5128769
       3843.3230       1.6454145
       3844.2081       1.6612250
       3845.0933       1.7109227
       3845.9788       1.8017599
       3846.8645       1.7595414
       3847.7504       1.7781760
       3848.6364       1.8153329
       3849.5227       1.8570122
       3850.4092       1.8811213
       3851.2959       1.8263692
       3852.1828       1.9247173
       3853.0699       1.9686882
       3853.9572       1.8921017
       3854.8447       1.9033374
       3855.7324       1.9216855
       3856.6203       1.8912087
       3857.5085       1.8754821
       3858.3968       1.8679628
       3859.2853       1.7920709
       3860.1740       1.8103483
       3861.0630       1.7876784
       3861.9521       1.8197480
       3862.8415       1.9567089
       3863.7310       2.0149903
       3864.6208       1.9603084
       3865.5108       1.9604863
       3866.4009       2.0079019
       3867.2913       2.0562393
       3868.1819       2.0968911
       3869.0727       2.1210990
       3869.9637       2.1257205
       3870.8549       2.0390048
       3871.7463       1.9439928
       3872.6379       1.8574767
       3873.5297       1.8878680
       3874.4217       1.8195810
       3875.3139       1.8370339
       3876.2063       1.9357116
       3877.0990       1.9240162
       3877.9918       1.8189231
       3878.8848       1.6964669
       3879.7781       1.7024234
       3880.6715       1.7278785
       3881.5652       1.7098386
       3882.4591       1.6576135
       3883.3531       1.5248250
       3884.2474       1.4707817
       3885.1419       1.4786336
       3886.0366       1.3541063
       3886.9315       1.3116816
       3887.8266       1.3618276
       3888.7219       1.4157960
       3889.6174       1.4790327
       3890.5131       1.4874940
       3891.4091       1.4822312
       3892.3052       1.4215312
       3893.2015       1.3355924
       3894.0981       1.4124302
       3894.9948       1.5428179
       3895.8918       1.5622426
       3896.7890       1.5618236
       3897.6863       1.6409602
       3898.5839       1.6725877
       3899.4817       1.7175864
       3900.3797       1.7704965
       3901.2779       1.7239358
       3902.1763       1.8356052
       3903.0749       1.8413731
       3903.9737       1.8072661
       3904.8728       1.8528101
       3905.7720       1.8215207
       3906.6714       1.7998071
       3907.5711       1.8742000
       3908.4709       1.9245517
       3909.3710       1.9426158
       3910.2713       1.9713662
       3911.1717       2.0313244
       3912.0724       1.9945801
       3912.9733       1.9900904
       3913.8744       1.9691523
       3914.7757       1.9175761
       3915.6772       1.9778291
       3916.5790       1.9624950
       3917.4809       1.8819551
       3918.3830       1.8986714
       3919.2854       1.9066865
       3920.1879       1.8800952
       3921.0907       1.8393301
       3921.9937       1.8233903
       3922.8968       1.8854500
       3923.8002       1.8881373
       3924.7038       1.8870210
       3925.6076       1.8710680
       3926.5116       1.8133578
       3927.4158       1.7361175
       3928.3203       1.6680114
       3929.2249       1.6714390
       3930.1297       1.6240605
       3931.0348       1.4881158
       3931.9400       1.4179171
       3932.8455       1.2237939
       3933.7512       1.1389955
       3934.6571       1.0893565
       3935.5632       1.1035458
       3936.4695       1.3903683
       3937.3760       1.6655457
       3938.2827       1.7234577
       3939.1896       1.6419596
       3940.0968       1.6304376
       3941.0041       1.7702849
       3941.9117       1.8776943
       3942.8194       1.7922711
       3943.7274       1.7766181
       3944.6356       1.8367591
       3945.5440       1.8771476
       3946.4526       1.8469699
       3947.3614       1.8434842
       3948.2704       1.8263128
       3949.1796       1.8538705
       3950.0891       1.8787969
       3950.9987       1.8983794
       3951.9086       1.8979186
       3952.8186       1.8638029
       3953.7289       1.8763760
       3954.6394       1.8907032
       3955.5501       1.8718251
       3956.4610       1.8014276
       3957.3721       1.7254330
       3958.2834       1.7855011
       3959.1949       1.7739914
       3960.1067       1.7162090
       3961.0186       1.7108493
       3961.9308       1.5912235
       3962.8432       1.4560520
       3963.7558       1.4126358
       3964.6686       1.3948561
       3965.5816       1.2802788
       3966.4948       1.2243253
       3967.4082       1.1011512
       3968.3218       1.0242685
       3969.2357       1.0522971
       3970.1497       1.1510250
       3971.0640       1.2761465
       3971.9785       1.3202731
       3972.8932       1.2810577
       3973.8081       1.2771394
       3974.7232       1.2922292
       3975.6385       1.4441822
       3976.5540       1.5783636
       3977.4698       1.6475401
       3978.3857       1.7250748
       3979.3019       1.7863417
       3980.2182       1.8679680
       3981.1348       1.8873346
       3982.0516       1.8998371
       3982.9686       1.9285558
       3983.8859       1.9122526
       3984.8033       2.0274135
       3985.7209       2.0471064
       3986.6388       2.0120792
       3987.5568       2.1005653
       3988.4751       2.0916864
       3989.3936       2.0884245
       3990.3123       2.1254476
       3991.2312       2.1193447
       3992.1503       2.1069951
       3993.0697       2.1865803
       3993.9892       2.1832326
       3994.9090       2.1062203
       3995.8289       2.0987689
       3996.7491       2.1582385
       3997.6695       2.1148963
       3998.5901       2.0650005
       3999.5109       2.1239098
       4000.4319       2.1843259
       4001.3532       2.1693468
       4002.2746       2.0956587
       4003.1963       2.1550197
       4004.1182       2.1496146
       4005.0403       2.0703777
       4005.9626       2.0529511
       4006.8851       2.0550194
       4007.8078       2.0590105
       4008.7307       2.0524870
       4009.6539       2.0726814
       4010.5773       2.1068866
       4011.5008       2.1006126
       4012.4246       2.1372063
       4013.3486       2.1492696
       4014.2728       2.1435367
       4015.1973       2.1458017
       4016.1219       2.1350808
       4017.0468       2.1865272
       4017.9718       2.1841673
       4018.8971       2.1772924
       4019.8226       2.1757490
       4020.7483       2.1529504
       4021.6742       2.1501070
       4022.6003       2.1245818
       4023.5267       2.0863807
       4024.4532       2.0731870
       4025.3800       2.0798997
       4026.3070       2.0811657
       4027.2342       2.1204296
       4028.1616       2.1374312
       4029.0892       2.1108919
       4030.0171       2.1079815
       4030.9451       2.0230128
       4031.8734       1.9824838
       4032.8019       2.0102355
       4033.7306       2.0527304
       4034.6595       2.0624400
       4035.5886       2.0677119
       4036.5179       2.1240845
       4037.4475       2.1575187
       4038.3772       2.1673858
       4039.3072       2.2184095
       4040.2374       2.2435599
       4041.1678       2.1765117
       4042.0984       2.1236908
       4043.0293       2.1953087
       4043.9603       2.1282168
       4044.8916       2.0571243
       4045.8231       2.0206907
       4046.7548       1.9900849
       4047.6867       2.0734206
       4048.6188       2.1922632
       4049.5511       2.1309849
       4050.4837       2.1265945
       4051.4164       2.2162904
       4052.3494       2.1539911
       4053.2826       2.0902922
       4054.2160       2.1051139
       4055.1497       2.1098195
       4056.0835       2.1022988
       4057.0176       2.0533853
       4057.9518       2.0534011
       4058.8863       2.0883786
       4059.8210       2.0583968
       4060.7559       2.0467601
       4061.6911       2.0800086
       4062.6264       2.0472143
       4063.5620       2.0525815
       4064.4977       1.9653275
       4065.4337       1.9594096
       4066.3699       2.0487441
       4067.3064       2.0193069
       4068.2430       2.0959731
       4069.1799       2.1296110
       4070.1169       2.0893828
       4071.0542       2.0400721
       4071.9917       1.9942677
       4072.9294       2.0306131
       4073.8674       1.9874718
       4074.8055       1.9684619
       4075.7439       1.9689595
       4076.6825       1.9428436
       4077.6213       1.8875624
       4078.5603       1.9252173
       4079.4995       1.9796799
       4080.4390       2.0204050
       4081.3786       2.0276891
       4082.3185       2.0113377
       4083.2586       2.0031823
       4084.1989       1.9573284
       4085.1395       1.9457125
       4086.0802       1.9443733
       4087.0212       1.9887647
       4087.9623       1.9974219
       4088.9037       1.9986435
       4089.8454       1.9806602
       4090.7872       1.9374524
       4091.7292       1.9811595
       4092.6715       1.9526234
       4093.6140       1.8715567
       4094.5567       1.8168664
       4095.4996       1.7970749
       4096.4427       1.6933421
       4097.3861       1.5999385
       4098.3296       1.5609153
       4099.2734       1.5382013
       4100.2174       1.6025083
       4101.1616       1.7170026
       4102.1061       1.7954943
       4103.0507       1.7982819
       4103.9956       1.7103881
       4104.9407       1.6107885
       4105.8860       1.5610317
       4106.8315       1.5785550
       4107.7773       1.6716226
       4108.7232       1.7025591
       4109.6694       1.7441074
       4110.6158       1.7946585
       4111.5624       1.8327933
       4112.5092       1.8094198
       4113.4563       1.8693799
       4114.4036       1.9393965
       4115.3510       1.9588728
       4116.2987       1.9867145
       4117.2467       2.0077350
       4118.1948       1.9654100
       4119.1432       1.9383931
       4120.0917       1.9369666
       4121.0405       1.9474228
       4121.9896       1.9654640
       4122.9388       1.9791411
       4123.8882       2.0109139
       4124.8379       2.0257523
       4125.7878       2.0307347
       4126.7379       2.0417922
       4127.6882       2.0223836
       4128.6388       1.9806581
       4129.5895       1.9273516
       4130.5405       1.9585221
       4131.4917       2.0151846
       4132.4431       1.9923487
       4133.3948       1.9554554
       4134.3466       1.9635825
       4135.2987       2.0330295
       4136.2510       2.0735203
       4137.2035       2.0757223
       4138.1563       2.1026482
       4139.1092       2.0918558
       4140.0624       2.0854513
       4141.0158       2.0887698
       4141.9694       2.0971659
       4142.9232       2.1031104
       4143.8773       2.0015057
       4144.8316       1.9085478
       4145.7861       1.9833104
       4146.7408       2.0529090
       4147.6957       2.0571912
       4148.6509       2.0904181
       4149.6062       2.0582884
       4150.5618       2.1117288
       4151.5176       2.1082270
       4152.4737       2.0908080
       4153.4299       2.0258506
       4154.3864       2.0146615
       4155.3431       2.0364788
       4156.3000       2.0075927
       4157.2571       2.0501597
       4158.2145       2.0535582
       4159.1721       2.0490426
       4160.1299       2.1081601
       4161.0879       2.1042511
       4162.0461       2.1408149
       4163.0046       2.1510864
       4163.9632       2.1087721
       4164.9221       2.1387681
       4165.8813       2.0947019
       4166.8406       2.0974923
       4167.8002       2.1514063
       4168.7599       2.0980283
       4169.7199       2.0885749
       4170.6802       2.0509576
       4171.6406       2.0328774
       4172.6013       1.9777903
       4173.5622       1.9076899
       4174.5233       1.9651123
       4175.4846       1.9958600
       4176.4462       1.9632317
       4177.4079       1.9974459
       4178.3699       1.9923711
       4179.3321       2.0202954
       4180.2946       2.0529164
       4181.2572       2.0206515
       4182.2201       2.0432942
       4183.1832       2.0749612
       4184.1465       2.0844655
       4185.1101       2.0913816
       4186.0739       2.0666570
       4187.0378       2.0656150
       4188.0021       2.0630503
       4188.9665       2.0811974
       4189.9311       2.0833758
       4190.8960       2.1181034
       4191.8611       2.1478040
       4192.8265       2.1729888
       4193.7920       2.1539573
       4194.7578       2.1165346
       4195.7238       2.1358153
       4196.6900       2.0843358
       4197.6564       2.0337698
       4198.6231       2.0443377
       4199.5899       2.0275754
       4200.5570       2.0234198
       4201.5244       2.0585644
       4202.4919       2.0349455
       4203.4597       2.0579630
       4204.4277       2.1347773
       4205.3959       2.1076923
       4206.3643       2.1038877
       4207.3330       2.1248761
       4208.3019       2.1351931
       4209.2710       2.1644538
       4210.2403       2.1442342
       4211.2099       2.1687988
       4212.1797       2.2216872
       4213.1497       2.2062276
       4214.1199       2.1470509
       4215.0903       2.1280627
       4216.0610       2.1265588
       4217.0319       2.1285050
       4218.0030       2.1416543
       4218.9744       2.1885201
       4219.9459       2.2235085
       4220.9177       2.2018701
       4221.8897       2.1834973
       4222.8620       2.1559747
       4223.8344       2.1046031
       4224.8071       2.0522437
       4225.7800       1.9527953
       4226.7532       1.9185828
       4227.7265       1.9830130
       4228.7001       1.9761061
       4229.6739       2.0635532
       4230.6479       2.2045373
       4231.6222       2.1872927
       4232.5967       2.1676090
       4233.5714       2.0943969
       4234.5463       2.0847793
       4235.5215       2.0822256
       4236.4968       2.0895766
       4237.4724       2.1216550
       4238.4483       2.1261540
       4239.4243       2.1097665
       4240.4006       2.0387583
       4241.3771       2.0364891
       4242.3538       2.1010966
       4243.3308       2.1881080
       4244.3079       2.1883799
       4245.2853       2.1333956
       4246.2630       2.1385037
       4247.2408       2.1335710
       4248.2189       2.1096259
       4249.1972       2.0837971
       4250.1757       2.0641582
       4251.1545       2.0689352
       4252.1335       2.0658256
       4253.1127       2.0673773
       4254.0921       2.0787592
       4255.0717       2.0853939
       4256.0516       2.0707078
       4257.0317       2.0988221
       4258.0121       2.1349377
       4258.9926       2.0577699
       4259.9734       2.0176314
       4260.9544       2.0124053
       4261.9356       2.0304399
       4262.9171       2.0778802
       4263.8988       2.0903013
       4264.8807       2.1524604
       4265.8628       2.1936988
       4266.8452       2.1516965
       4267.8278       2.0974975
       4268.8106       2.1009472
       4269.7936       2.0618289
       4270.7769       1.9495146
       4271.7604       1.9280194
       4272.7441       1.9269610
       4273.7281       1.9385699
       4274.7123       1.9615263
       4275.6967       1.9928953
       4276.6813       2.0007219
       4277.6661       2.0488364
       4278.6512       2.1177042
       4279.6365       2.1059188
       4280.6221       2.0749032
       4281.6078       2.0579428
       4282.5938       2.0430440
       4283.5800       2.0736069
       4284.5665       2.0685158
       4285.5532       2.0429952
       4286.5401       2.0371176
       4287.5272       1.9945715
       4288.5145       1.9729582
       4289.5021       1.9519154
       4290.4899       1.8914543
       4291.4780       1.8844559
       4292.4662       1.9615635
       4293.4547       2.0109195
       4294.4434       1.9778075
       4295.4324       1.9393754
       4296.4216       1.9455546
       4297.4110       1.9410794
       4298.4006       1.8906557
       4299.3904       1.8351937
       4300.3805       1.8155103
       4301.3708       1.7839906
       4302.3614       1.7920044
       4303.3522       1.7900038
       4304.3431       1.8182557
       4305.3344       1.8249028
       4306.3258       1.8194869
       4307.3175       1.7936216
       4308.3094       1.7756512
       4309.3016       1.7725494
       4310.2939       1.7936299
       4311.2865       1.8289184
       4312.2793       1.8846316
       4313.2724       1.9208922
       4314.2657       1.9003144
       4315.2592       1.9194542
       4316.2529       2.0077893
       4317.2469       2.0811345
       4318.2411       2.0900951
       4319.2355       2.0504968
       4320.2302       2.0136348
       4321.2251       2.0036733
       4322.2202       1.9812032
       4323.2155       1.9270511
       4324.2111       1.8867083
       4325.2069       1.8014653
       4326.2029       1.7936014
       4327.1992       1.8356416
       4328.1957       1.8475280
       4329.1924       1.8904251
       4330.1893       1.9080822
       4331.1865       1.9209087
       4332.1839       1.9166681
       4333.1816       1.8593920
       4334.1794       1.7914432
       4335.1775       1.7505754
       4336.1759       1.7263346
       4337.1744       1.6626649
       4338.1732       1.7176310
       4339.1722       1.9387501
       4340.1715       2.1634709
       4341.1709       2.3256630
       4342.1706       2.3269448
       4343.1706       2.0874644
       4344.1707       1.7933943
       4345.1711       1.6414805
       4346.1718       1.7047778
       4347.1726       1.7352342
       4348.1737       1.7919887
       4349.1750       1.8396465
       4350.1766       1.8067655
       4351.1784       1.7928510
       4352.1804       1.7956661
       4353.1826       1.8184134
       4354.1851       1.8455548
       4355.1878       1.8996137
       4356.1907       1.9751572
       4357.1939       1.9861161
       4358.1973       2.0111554
       4359.2009       2.0458982
       4360.2048       2.0492484
       4361.2089       2.0438610
       4362.2132       2.0702922
       4363.2177       2.0947175
       4364.2225       2.1397005
       4365.2275       2.1925390
       4366.2328       2.1488473
       4367.2383       2.0828530
       4368.2440       2.0895066
       4369.2499       2.0904371
       4370.2561       2.0441430
       4371.2625       2.0323253
       4372.2691       2.0343430
       4373.2760       2.0415178
       4374.2831       2.0106758
       4375.2904       2.0069523
       4376.2980       2.0089077
       4377.3058       2.0532559
       4378.3138       2.0900778
       4379.3221       2.1105851
       4380.3306       2.1244739
       4381.3393       2.0850689
       4382.3483       1.9712355
       4383.3574       1.8966987
       4384.3669       1.8562442
       4385.3765       1.8296265
       4386.3864       1.8808459
       4387.3965       1.9418846
       4388.4069       1.9969494
       4389.4175       2.0010850
       4390.4283       2.0190354
       4391.4393       2.0459019
       4392.4506       2.0184575
       4393.4621       2.0693312
       4394.4739       2.0681421
       4395.4859       2.0332134
       4396.4981       2.0586634
       4397.5105       2.0801277
       4398.5232       2.0874779
       4399.5361       2.0737162
       4400.5493       2.0679654
       4401.5626       2.0840250
       4402.5763       2.0557077
       4403.5901       2.0390913
       4404.6042       2.0008010
       4405.6185       2.0036477
       4406.6330       1.9907300
       4407.6478       2.0162031
       4408.6628       2.0391834
       4409.6781       2.0724406
       4410.6936       2.1275028
       4411.7093       2.1345947
       4412.7252       2.1510470
       4413.7414       2.1427518
       4414.7578       2.0792974
       4415.7745       2.0365546
       4416.7914       2.0432927
       4417.8085       2.0354543
       4418.8259       2.0862868
       4419.8434       2.1365784
       4420.8613       2.1255194
       4421.8793       2.0932386
       4422.8976       2.1012786
       4423.9161       2.0763680
       4424.9349       2.0610307
       4425.9539       2.0633220
       4426.9731       2.0379796
       4427.9926       2.0642768
       4429.0123       2.0856664
       4430.0322       2.0641022
       4431.0524       2.0518294
       4432.0728       2.0570370
       4433.0935       2.0363581
       4434.1143       2.0320818
       4435.1354       2.0148076
       4436.1568       2.0565183
       4437.1784       2.0926996
       4438.2002       2.1250797
       4439.2222       2.1574236
       4440.2445       2.1574998
       4441.2670       2.1494881
       4442.2898       2.0940451
       4443.3128       2.0675078
       4444.3360       2.0699117
       4445.3595       2.0868166
       4446.3832       2.1326087
       4447.4071       2.1671859
       4448.4313       2.1314078
       4449.4557       2.1757007
       4450.4803       2.1796751
       4451.5052       2.1378364
       4452.5303       2.1212082
       4453.5557       2.1142436
       4454.5813       2.0435191
       4455.6071       2.0237351
       4456.6332       2.0434373
       4457.6594       2.0057267
       4458.6860       2.0348960
       4459.7127       2.0338331
       4460.7398       2.0214980
       4461.7670       2.0223266
       4462.7945       2.0409828
       4463.8222       2.0514331
       4464.8501       2.0863846
       4465.8783       2.0992861
       4466.9068       2.0687291
       4467.9354       2.0568779
       4468.9643       2.0862835
       4469.9934       2.0636344
       4471.0228       2.0737628
       4472.0524       2.1494728
       4473.0823       2.1632867
       4474.1124       2.1931862
       4475.1427       2.2140278
       4476.1732       2.2274615
       4477.2040       2.2256266
       4478.2351       2.2216835
       4479.2663       2.1681669
       4480.2978       2.1288831
       4481.3296       2.0275563
       4482.3616       2.0006611
       4483.3938       2.0384833
       4484.4263       2.1357776
       4485.4590       2.2296051
       4486.4919       2.2198188
       4487.5251       2.2097142
       4488.5585       2.1905716
       4489.5921       2.1254737
       4490.6260       2.1051404
       4491.6601       2.1468511
       4492.6945       2.1659886
       4493.7291       2.1643054
       4494.7639       2.1683297
       4495.7990       2.1429029
       4496.8343       2.1567443
       4497.8699       2.1849691
       4498.9057       2.1475249
       4499.9417       2.1645124
       4500.9780       2.1867473
       4502.0145       2.1867934
       4503.0512       2.2274036
       4504.0882       2.2522636
       4505.1254       2.2835849
       4506.1629       2.3033868
       4507.2006       2.2865452
       4508.2385       2.2690766
       4509.2767       2.2430102
       4510.3151       2.2744453
       4511.3538       2.2938040
       4512.3927       2.2425391
       4513.4318       2.2142776
       4514.4712       2.2158885
       4515.5108       2.2142138
       4516.5507       2.2069586
       4517.5908       2.1634705
       4518.6311       2.1980056
       4519.6717       2.2155358
       4520.7125       2.2100113
       4521.7535       2.2137743
       4522.7948       2.1691129
       4523.8364       2.1712439
       4524.8781       2.1505797
       4525.9201       2.1419447
       4526.9624       2.1004383
       4528.0049       2.0490041
       4529.0476       2.0852607
       4530.0906       2.0579166
       4531.1338       2.0443739
       4532.1773       2.0778235
       4533.2209       2.1101445
       4534.2649       2.0590813
       4535.3090       2.0681340
       4536.3535       2.1160489
       4537.3981       2.1872654
       4538.4430       2.2144220
       4539.4881       2.2012370
       4540.5335       2.1842696
       4541.5791       2.1557487
       4542.6250       2.1512746
       4543.6711       2.1410657
       4544.7174       2.1730665
       4545.7640       2.1677224
       4546.8108       2.1554015
       4547.8579       2.1625727
       4548.9052       2.1214678
       4549.9527       2.1261418
       4551.0005       2.0918020
       4552.0486       2.0602260
       4553.0968       2.1096787
       4554.1453       2.0790931
       4555.1941       2.0746166
       4556.2431       2.0934958
       4557.2923       2.1122327
       4558.3418       2.2072489
       4559.3915       2.2317676
       4560.4415       2.2106556
       4561.4917       2.2384976
       4562.5421       2.2156045
       4563.5928       2.1970051
       4564.6437       2.1837081
       4565.6949       2.1972280
       4566.7463       2.2082819
       4567.7980       2.1954206
       4568.8499       2.2658452
       4569.9020       2.2558343
       4570.9544       2.2144961
       4572.0070       2.1808470
       4573.0599       2.1688724
       4574.1130       2.2203405
       4575.1663       2.2193397
       4576.2199       2.2156065
       4577.2737       2.2130871
       4578.3278       2.1961555
       4579.3821       2.1821269
       4580.4367       2.1400070
       4581.4915       2.0821199
       4582.5466       2.0811725
       4583.6019       2.0973677
       4584.6574       2.1154021
       4585.7132       2.1230587
       4586.7692       2.1219015
       4587.8255       2.1564492
       4588.8820       2.1727151
       4589.9387       2.1878725
       4590.9957       2.1755059
       4592.0529       2.1885732
       4593.1104       2.1873734
       4594.1681       2.1772973
       4595.2261       2.1354950
       4596.2843       2.1326214
       4597.3428       2.1783790
       4598.4015       2.1833067
       4599.4604       2.1448369
       4600.5196       2.1765313
       4601.5790       2.1911763
       4602.6387       2.1505519
       4603.6986       2.1873476
       4604.7588       2.1865345
       4605.8192       2.1777400
       4606.8799       2.1931399
       4607.9408       2.2077826
       4609.0019       2.2371405
       4610.0633       2.3005311
       4611.1249       2.2786293
       4612.1868       2.2441831
       4613.2489       2.2410570
       4614.3113       2.2201765
       4615.3739       2.2308778
       4616.4367       2.2491824
       4617.4998       2.2247993
       4618.5632       2.2093756
       4619.6267       2.2303824
       4620.6906       2.1949372
       4621.7546       2.2273624
       4622.8190       2.2487625
       4623.8835       2.2441813
       4624.9483       2.2703018
       4626.0134       2.2694115
       4627.0787       2.2447546
       4628.1442       2.2231490
       4629.2100       2.2061528
       4630.2761       2.2223786
       4631.3424       2.2245362
       4632.4089       2.2072651
       4633.4757       2.2153006
       4634.5427       2.1931335
       4635.6100       2.1761767
       4636.6775       2.1846073
       4637.7452       2.2044207
       4638.8132       2.1780980
       4639.8815       2.1713732
       4640.9500       2.1873078
       4642.0187       2.1789314
       4643.0877       2.1981887
       4644.1569       2.1898336
       4645.2264       2.1761645
       4646.2961       2.1459098
       4647.3661       2.0959572
       4648.4363       2.1083881
       4649.5068       2.0964137
       4650.5775       2.1190971
       4651.6485       2.1474334
       4652.7197       2.1864977
       4653.7911       2.1797381
       4654.8628       2.1773035
       4655.9348       2.1875367
       4657.0070       2.1622698
       4658.0794       2.2147206
       4659.1521       2.2311534
       4660.2250       2.2462833
       4661.2982       2.2854609
       4662.3716       2.2697818
       4663.4453       2.2268704
       4664.5192       2.1739141
       4665.5934       2.1385139
       4666.6678       2.1295161
       4667.7425       2.1084866
       4668.8174       2.0524238
       4669.8925       2.0488061
       4670.9679       2.1194560
       4672.0436       2.1798157
       4673.1195       2.1838727
       4674.1956       2.1813564
       4675.2720       2.2052463
       4676.3487       2.2238325
       4677.4256       2.2049025
       4678.5027       2.1915912
       4679.5801       2.1999110
       4680.6577       2.1546553
       4681.7356       2.1737110
       4682.8138       2.2015591
       4683.8921       2.2088243
       4684.9708       2.2083462
       4686.0497       2.2276932
       4687.1288       2.2473451
       4688.2082       2.2051755
       4689.2878       2.2170232
       4690.3677       2.2148117
       4691.4478       2.1987202
       4692.5281       2.2002938
       4693.6088       2.1933810
       4694.6896       2.2001566
       4695.7708       2.1957033
       4696.8521       2.2349185
       4697.9337       2.2174598
       4699.0156       2.1363780
       4700.0977       2.1598995
       4701.1801       2.1396332
       4702.2627       2.1181280
       4703.3455       2.1431214
       4704.4287       2.1256100
       4705.5120       2.1512006
       4706.5956       2.1416327
       4707.6795       2.1415231
       4708.7636       2.1500781
       4709.8479       2.1775663
       4710.9326       2.1648479
       4712.0174       2.1821885
       4713.1025       2.1777438
       4714.1879       2.1770872
       4715.2735       2.1975454
       4716.3593       2.2003875
       4717.4454       2.2137643
       4718.5318       2.2528617
       4719.6184       2.2681168
       4720.7053       2.2498544
       4721.7924       2.2662183
       4722.8797       2.3105582
       4723.9673       2.2975312
       4725.0552       2.2532298
       4726.1433       2.2605603
       4727.2317       2.2554324
       4728.3203       2.2065508
       4729.4091       2.1463842
       4730.4983       2.1365071
       4731.5876       2.1537101
       4732.6772       2.1659084
       4733.7671       2.1645490
       4734.8572       2.2019693
       4735.9476       2.1989353
       4737.0382       2.1849783
       4738.1291       2.2176626
       4739.2202       2.1997090
       4740.3116       2.2090916
       4741.4032       2.2020188
       4742.4951       2.1991470
       4743.5872       2.2021743
       4744.6796       2.2250272
       4745.7722       2.2315384
       4746.8651       2.2282894
       4747.9582       2.2622959
       4749.0516       2.2079952
       4750.1452       2.1889015
       4751.2391       2.2270203
       4752.3332       2.2152585
       4753.4276       2.1670766
       4754.5223       2.1561656
       4755.6172       2.1810582
       4756.7123       2.1456358
       4757.8077       2.1636028
       4758.9034       2.1635219
       4759.9993       2.1959902
       4761.0954       2.1606536
       4762.1918       2.1243856
       4763.2885       2.1112061
       4764.3854       2.1094073
       4765.4826       2.0773164
       4766.5800       2.0858618
       4767.6777       2.1071336
       4768.7756       2.1323173
       4769.8738       2.1542402
       4770.9722       2.1743250
       4772.0709       2.1717462
       4773.1698       2.1529552
       4774.2690       2.1894748
       4775.3685       2.2185894
       4776.4682       2.2252785
       4777.5681       2.2293352
       4778.6683       2.2091056
       4779.7688       2.1881245
       4780.8695       2.1907709
       4781.9704       2.1684704
       4783.0716       2.1647246
       4784.1731       2.1719516
       4785.2748       2.1372782
       4786.3768       2.1208479
       4787.4791       2.1092004
       4788.5815       2.1213873
       4789.6843       2.1286445
       4790.7873       2.1481595
       4791.8905       2.1930328
       4792.9940       2.1556181
       4794.0978       2.2176084
       4795.2018       2.2600521
       4796.3060       2.2345846
       4797.4106       2.2084609
       4798.5153       2.1848270
       4799.6204       2.1809126
       4800.7256       2.1745963
       4801.8312       2.1728104
       4802.9370       2.1841295
       4804.0430       2.1952970
       4805.1493       2.1558122
       4806.2559       2.1358147
       4807.3627       2.1394775
       4808.4697       2.1464726
       4809.5770       2.1722701
       4810.6846       2.1611510
       4811.7925       2.1518619
       4812.9005       2.1949857
       4814.0089       2.1777475
       4815.1175       2.1808517
       4816.2263       2.2101859
       4817.3354       2.2177312
       4818.4448       2.2313320
       4819.5544       2.2512624
       4820.6643       2.2157284
       4821.7744       2.1818686
       4822.8848       2.1445715
       4823.9954       2.1246087
       4825.1063       2.1099165
       4826.2175       2.1078152
       4827.3289       2.1299288
       4828.4405       2.1313945
       4829.5524       2.1430755
       4830.6646       2.1269995
       4831.7770       2.1277729
       4832.8897       2.1528870
       4834.0027       2.1359190
       4835.1159       2.1089173
       4836.2293       2.1450148
       4837.3430       2.1506653
       4838.4570       2.1034490
       4839.5712       2.0875433
       4840.6857       2.0676798
       4841.8005       2.0619261
       4842.9154       2.0460208
       4844.0307       2.0669263
       4845.1462       2.0644515
       4846.2620       2.0276964
       4847.3780       2.0126856
       4848.4943       2.0238094
       4849.6108       1.9970911
       4850.7276       1.9632691
       4851.8446       1.9584305
       4852.9620       1.9523047
       4854.0795       1.9133175
       4855.1973       1.8386368
       4856.3154       1.7879413
       4857.4338       1.7778576
       4858.5524       2.0350429
       4859.6712       2.7373088
       4860.7903       3.4492165
       4861.9097       3.8026409
       4863.0293       3.8672540
       4864.1492       3.4149597
       4865.2693       2.5117204
       4866.3897       1.8904499
       4867.5104       1.7696812
       4868.6313       1.8086812
       4869.7525       1.8162983
       4870.8739       1.8087929
       4871.9956       1.8142961
       4873.1175       1.8221225
       4874.2397       1.8572859
       4875.3622       1.8877328
       4876.4849       1.9363647
       4877.6079       1.9766385
       4878.7312       1.9800180
       4879.8547       2.0074976
       4880.9784       2.0435817
       4882.1024       2.0213262
       4883.2267       1.9963297
       4884.3512       1.9991861
       4885.4760       2.0119990
       4886.6011       2.0028248
       4887.7264       2.0062655
       4888.8520       2.0058531
       4889.9778       2.0192922
       4891.1039       1.9931783
       4892.2302       1.9989036
       4893.3568       2.0510374
       4894.4837       2.1015022
       4895.6108       2.1521979
       4896.7382       2.1693968
       4897.8659       2.1824966
       4898.9938       2.1669692
       4900.1219       2.1457928
       4901.2504       2.1413707
       4902.3790       2.1019044
       4903.5080       2.0907412
       4904.6372       2.1134043
       4905.7667       2.1329162
       4906.8964       2.1630110
       4908.0264       2.1716478
       4909.1566       2.1309670
       4910.2871       2.0746177
       4911.4179       2.0493934
       4912.5489       2.1144759
       4913.6802       2.1245332
       4914.8117       2.1433381
       4915.9435       2.1709882
       4917.0756       2.1307548
       4918.2079       2.0957302
       4919.3405       2.0522378
       4920.4734       1.9634252
       4921.6065       1.9732359
       4922.7399       1.9724604
       4923.8735       1.9832337
       4925.0074       2.0343365
       4926.1415       2.0806689
       4927.2760       2.1253229
       4928.4106       2.1484832
       4929.5456       2.2060286
       4930.6808       2.2146741
       4931.8162       2.1763178
       4932.9520       2.1829149
       4934.0880       2.1149661
       4935.2242       2.0923442
       4936.3607       2.0788710
       4937.4975       2.0847983
       4938.6345       2.0677609
       4939.7718       2.0572248
       4940.9094       2.0993181
       4942.0472       2.1112992
       4943.1853       2.1531292
       4944.3236       2.1728496
       4945.4622       2.1847981
       4946.6011       2.1930076
       4947.7402       2.2001436
       4948.8796       2.2149551
       4950.0192       2.2214749
       4951.1592       2.2258217
       4952.2993       2.2402960
       4953.4398       2.2015621
       4954.5805       2.1771091
       4955.7214       2.1669789
       4956.8627       2.1870346
       4958.0042       2.2269152
       4959.1459       2.2756150
       4960.2879       2.3365506
       4961.4302       2.3783058
       4962.5728       2.3171804
       4963.7156       2.2238904
       4964.8586       2.1745599
       4966.0020       2.1272731
       4967.1456       2.1202716
       4968.2894       2.1488452
       4969.4335       2.1255575
       4970.5779       2.0916784
       4971.7226       2.1372071
       4972.8675       2.1680334
       4974.0127       2.1867708
       4975.1581       2.1832391
       4976.3038       2.1876972
       4977.4498       2.1860514
       4978.5960       2.1493519
       4979.7425       2.1224060
       4980.8893       2.0786248
       4982.0363       2.0469558
       4983.1836       2.0096787
       4984.3311       1.9975874
       4985.4789       2.0175468
       4986.6270       2.0920781
       4987.7754       2.1152537
       4988.9240       2.1131947
       4990.0729       2.1369273
       4991.2220       2.1286822
       4992.3714       2.0984200
       4993.5211       2.1145549
       4994.6710       2.1140556
       4995.8212       2.1224581
       4996.9717       2.1482874
       4998.1224       2.1133500
       4999.2734       2.0830346
       5000.4246       2.0550683
       5001.5762       2.0387997
       5002.7280       2.0474844
       5003.8800       2.1438018
       5005.0323       2.3536997
       5006.1849       2.5408424
       5007.3378       2.6753161
       5008.4909       2.7676491
       5009.6443       2.6593787
       5010.7979       2.3929820
       5011.9518       2.1341604
       5013.1060       2.0296157
       5014.2604       2.0101681
       5015.4151       2.0005915
       5016.5701       2.0036138
       5017.7254       1.9951261
       5018.8809       1.9968048
       5020.0366       1.9972428
       5021.1927       2.0179608
       5022.3490       2.0515483
       5023.5056       2.0448446
       5024.6624       2.0564695
       5025.8195       2.0775012
       5026.9769       2.0733536
       5028.1345       2.0641861
       5029.2924       2.0749224
       5030.4506       2.0912979
       5031.6090       2.1263570
       5032.7677       2.1168089
       5033.9267       2.1108126
       5035.0859       2.1392362
       5036.2454       2.1054046
       5037.4052       2.0985949
       5038.5652       2.0596952
       5039.7255       2.0281605
       5040.8861       2.0135227
       5042.0470       1.9944274
       5043.2081       2.0059560
       5044.3694       2.0725522
       5045.5311       2.1325892
       5046.6930       2.1502905
       5047.8552       2.1492759
       5049.0176       2.1247322
       5050.1803       2.0727242
       5051.3433       2.0295902
       5052.5066       2.0359352
       5053.6701       2.1049757
       5054.8339       2.1046320
       5055.9979       2.0944458
       5057.1622       2.1261767
       5058.3268       2.1671273
       5059.4917       2.1755327
       5060.6568       2.1754932
       5061.8222       2.1808580
       5062.9879       2.1734841
       5064.1538       2.1199550
       5065.3200       2.0838711
       5066.4865       2.0781260
       5067.6532       2.0825684
       5068.8202       2.0864121
       5069.9875       2.0826812
       5071.1550       2.1082353
       5072.3228       2.0932431
       5073.4909       2.1088247
       5074.6593       2.1098109
       5075.8279       2.0889997
       5076.9968       2.0819940
       5078.1659       2.0729169
       5079.3353       2.0427356
       5080.5050       2.0187463
       5081.6750       2.0049356
       5082.8452       2.0012681
       5084.0157       2.0380363
       5085.1865       2.0641834
       5086.3576       2.0721289
       5087.5289       2.0904489
       5088.7004       2.1092937
       5089.8723       2.1438960
       5091.0444       2.1263911
       5092.2168       2.1342014
       5093.3895       2.1671521
       5094.5624       2.1433939
       5095.7356       2.1527773
       5096.9091       2.1239872
       5098.0828       2.0503268
       5099.2568       2.0479554
       5100.4311       2.0681898
       5101.6057       2.0717378
       5102.7805       2.0771128
       5103.9556       2.0960384
       5105.1310       2.1036386
       5106.3066       2.1002877
       5107.4825       2.0819996
       5108.6587       2.0540011
       5109.8351       2.0469192
       5111.0118       2.0668343
       5112.1888       2.0831672
       5113.3661       2.1056150
       5114.5436       2.1135232
       5115.7214       2.1172966
       5116.8995       2.1414614
       5118.0778       2.1638034
       5119.2565       2.1613526
       5120.4353       2.1655879
       5121.6145       2.0969426
       5122.7939       2.0728137
       5123.9736       2.0605921
       5125.1536       2.0217157
       5126.3339       1.9878910
       5127.5144       1.9916846
       5128.6952       2.0153362
       5129.8762       2.0179954
       5131.0576       2.0356499
       5132.2392       2.0404377
       5133.4210       2.0380573
       5134.6032       2.0928964
       5135.7856       2.0989616
       5136.9683       2.1113316
       5138.1513       2.0816662
       5139.3345       2.0399465
       5140.5180       2.0447327
       5141.7018       2.0086685
       5142.8859       2.0409849
       5144.0702       2.0554004
       5145.2548       2.0335924
       5146.4397       2.0479439
       5147.6248       2.0362429
       5148.8102       2.0119474
       5149.9959       2.0329542
       5151.1819       2.0287993
       5152.3681       2.0217880
       5153.5547       2.0415086
       5154.7414       2.0145072
       5155.9285       2.0613241
       5157.1158       2.0983993
       5158.3034       2.1074724
       5159.4913       2.1332284
       5160.6795       2.1332595
       5161.8679       2.1098886
       5163.0566       2.0819889
       5164.2456       2.0510001
       5165.4348       1.9814715
       5166.6244       1.8840138
       5167.8141       1.8224262
       5169.0042       1.7620295
       5170.1946       1.7754759
       5171.3852       1.7999909
       5172.5761       1.8089041
       5173.7672       1.8108682
       5174.9587       1.8869047
       5176.1504       1.9594622
       5177.3424       2.0045702
       5178.5347       2.0800885
       5179.7272       2.0538756
       5180.9200       2.0085179
       5182.1131       1.9549253
       5183.3065       1.8839902
       5184.5001       1.8485475
       5185.6940       1.8520966
       5186.8882       1.9246398
       5188.0827       1.9948044
       5189.2774       2.0146337
       5190.4724       2.0128392
       5191.6677       2.0004288
       5192.8633       1.9890957
       5194.0591       1.9690599
       5195.2552       1.9752756
       5196.4516       2.0418578
       5197.6483       2.1108830
       5198.8452       2.1763067
       5200.0424       2.2295435
       5201.2399       2.2445121
       5202.4377       2.1874447
       5203.6357       2.1056400
       5204.8340       2.0235190
       5206.0326       1.9843674
       5207.2315       1.9589439
       5208.4307       1.9406569
       5209.6301       1.9534456
       5210.8298       1.9852534
       5212.0298       2.0556743
       5213.2300       2.0773263
       5214.4305       2.0892191
       5215.6313       2.0597634
       5216.8324       2.0522376
       5218.0338       2.0737517
       5219.2354       2.0671814
       5220.4373       2.1003296
       5221.6395       2.1076803
       5222.8420       2.0799653
       5224.0447       2.0682519
       5225.2477       2.0210249
       5226.4510       1.9567364
       5227.6546       1.9286065
       5228.8585       1.9661830
       5230.0626       2.0369134
       5231.2670       2.0660251
       5232.4717       2.0759152
       5233.6766       2.0781573
       5234.8819       2.0623286
       5236.0874       2.0713300
       5237.2932       2.0672719
       5238.4993       2.1104520
       5239.7056       2.1569367
       5240.9122       2.1546556
       5242.1191       2.1540652
       5243.3263       2.1797017
       5244.5338       2.1650644
       5245.7415       2.1124703
       5246.9495       2.0845677
       5248.1578       2.0721781
       5249.3664       2.0441221
       5250.5752       2.0289594
       5251.7844       2.0638099
       5252.9938       2.0657800
       5254.2035       2.0478007
       5255.4134       2.0679101
       5256.6237       2.1011056
       5257.8342       2.1077996
       5259.0450       2.1219906
       5260.2561       2.1403982
       5261.4674       2.0977085
       5262.6791       2.0460418
       5263.8910       1.9809404
       5265.1032       1.8983289
       5266.3157       1.8753843
       5267.5284       1.9073107
       5268.7414       1.8955447
       5269.9548       1.8834341
       5271.1683       1.9287207
       5272.3822       1.9344615
       5273.5964       1.9645553
       5274.8108       2.0169088
       5276.0255       2.0359812
       5277.2405       2.0615241
       5278.4558       2.1000375
       5279.6713       2.1097190
       5280.8871       2.1140914
       5282.1033       2.0869811
       5283.3196       2.0455547
       5284.5363       2.0756822
       5285.7533       2.0972941
       5286.9705       2.1336100
       5288.1880       2.1673370
       5289.4058       2.2066991
       5290.6239       2.2214516
       5291.8422       2.1963632
       5293.0608       2.2094313
       5294.2798       2.1799761
       5295.4990       2.1331024
       5296.7184       2.0887394
       5297.9382       2.0405371
       5299.1582       2.0685158
       5300.3785       2.0492315
       5301.5991       2.0788318
       5302.8200       2.1281148
       5304.0412       2.1769166
       5305.2626       2.1885361
       5306.4843       2.1913407
       5307.7063       2.1993051
       5308.9286       2.2033857
       5310.1512       2.2112025
       5311.3740       2.2568554
       5312.5972       2.1670136
       5313.8206       2.0822759
       5315.0443       2.1455124
       5316.2682       2.1579648
       5317.4925       2.1478744
       5318.7170       2.1664117
       5319.9419       2.1660127
       5321.1670       2.1633101
       5322.3924       2.1679460
       5323.6180       2.1467963
       5324.8440       2.1137079
       5326.0702       2.0578300
       5327.2967       2.0213727
       5328.5235       1.9890588
       5329.7506       1.9811787
       5330.9780       2.0272552
       5332.2056       2.0928152
       5333.4335       2.1204506
       5334.6617       2.1569242
       5335.8902       2.1803888
       5337.1190       2.1580488
       5338.3481       2.1287847
       5339.5774       2.1071487
       5340.8070       2.1117677
       5342.0369       2.1183941
       5343.2671       2.1025747
       5344.4976       2.1037618
       5345.7284       2.1392398
       5346.9594       2.1675818
       5348.1907       2.1171360
       5349.4223       2.1231423
       5350.6542       2.1511603
       5351.8864       2.1727524
       5353.1189       2.1869749
       5354.3516       2.2096485
       5355.5846       2.2371345
       5356.8179       2.2542854
       5358.0515       2.2417531
       5359.2854       2.2633835
       5360.5196       2.2456688
       5361.7540       2.2286832
       5362.9888       2.1939107
       5364.2238       2.1622015
       5365.4591       2.1377056
       5366.6947       2.1297193
       5367.9305       2.1218484
       5369.1667       2.0994315
       5370.4031       2.0815460
       5371.6398       2.0610295
       5372.8769       2.0727464
       5374.1141       2.1361115
       5375.3517       2.1704088
       5376.5896       2.1817950
       5377.8277       2.2017734
       5379.0662       2.1972107
       5380.3049       2.1758740
       5381.5439       2.1771688
       5382.7832       2.1565356
       5384.0228       2.1484085
       5385.2626       2.1638306
       5386.5028       2.1632423
       5387.7432       2.1674305
       5388.9839       2.1787260
       5390.2249       2.1447007
       5391.4662       2.1392952
       5392.7078       2.1002534
       5393.9496       2.0980067
       5395.1918       2.0999729
       5396.4342       2.0654234
       5397.6769       2.0571268
       5398.9199       2.0799471
       5400.1632       2.0818127
       5401.4068       2.1086151
       5402.6507       2.1144566
       5403.8948       2.0476796
       5405.1392       2.0340296
       5406.3840       2.0154749
       5407.6290       2.0138246
       5408.8743       2.0270004
       5410.1199       2.0449689
       5411.3657       2.0715095
       5412.6119       2.1007368
       5413.8583       2.1131572
       5415.1051       2.1430557
       5416.3521       0.0000000
       5417.5994       0.0000000
       5418.8470       0.0000000
       5420.0948       0.0000000
       5421.3430       0.0000000
       5422.5915       0.0000000
       5423.8402       0.0000000
       5425.0892       0.0000000
       5426.3386       0.0000000
       5427.5882       0.0000000
       5428.8381       0.0000000
       5430.0882       0.0000000
       5431.3387       0.0000000
       5432.5895       0.0000000
       5433.8405       0.0000000
       5435.0918       2.0996230
       5436.3435       2.1036422
       5437.5954       2.1308911
       5438.8476       2.2003286
       5440.1000       2.2121696
       5441.3528       2.2251833
       5442.6059       2.2609999
       5443.8592       2.2106062
       5445.1129       2.1756467
       5446.3668       2.1407755
       5447.6210       2.0921656
       5448.8755       2.1040364
       5450.1303       2.1185394
       5451.3854       2.1151133
       5452.6408       2.1530014
       5453.8964       2.1435150
       5455.1524       2.0909856
       5456.4086       2.0842563
       5457.6652       2.1100806
       5458.9220       2.1438380
       5460.1791       2.1671277
       5461.4365       2.1656883
       5462.6942       2.1317391
       5463.9521       2.1094469
       5465.2104       2.1129427
       5466.4690       2.1302520
       5467.7278       2.1491259
       5468.9869       2.1537481
       5470.2464       2.1295516
       5471.5061       2.1479878
       5472.7661       2.1545841
       5474.0264       2.1037330
       5475.2870       2.0950238
       5476.5478       2.0727867
       5477.8090       2.0532413
       5479.0705       2.0634969
       5480.3322       2.0838894
       5481.5943       2.1248283
       5482.8566       2.1155656
       5484.1192       2.1194050
       5485.3821       2.1487691
       5486.6453       2.1388466
       5487.9088       2.1553305
       5489.1726       2.1448703
       5490.4367       2.1456327
       5491.7010       2.1354476
       5492.9657       2.1245851
       5494.2306       2.1364425
       5495.4959       2.1547419
       5496.7614       2.1356113
       5498.0272       2.1707378
       5499.2933       2.1566482
       5500.5597       2.1312394
       5501.8264       2.1429400
       5503.0934       2.1118255
       5504.3607       2.1056064
       5505.6283       2.0845693
       5506.8961       2.1088656
       5508.1643       2.1285249
       5509.4328       2.1235723
       5510.7015       2.1172291
       5511.9705       2.1048213
       5513.2398       2.0928728
       5514.5095       2.1073676
       5515.7794       2.1067783
       5517.0496       2.1191356
       5518.3201       2.1524719
       5519.5909       2.1795008
       5520.8619       2.1976732
       5522.1333       2.1742690
       5523.4050       2.1814328
       5524.6769       2.1693875
       5525.9492       2.1397697
       5527.2217       2.1102094
       5528.4946       2.0572613
       5529.7677       2.0728120
       5531.0411       2.1204488
       5532.3148       2.1379063
       5533.5888       2.1482158
       5534.8631       2.1358120
       5536.1377       2.1457136
       5537.4126       2.1503507
       5538.6878       2.1241946
       5539.9633       2.1846702
       5541.2391       2.2016986
       5542.5151       2.2015696
       5543.7915       2.1847274
       5545.0681       2.1622628
       5546.3451       2.1800535
       5547.6223       2.1556025
       5548.8999       2.1649667
       5550.1777       2.1998039
       5551.4558       2.2267913
       5552.7342       2.2237500
       5554.0129       2.1909260
       5555.2919       2.1664869
       5556.5712       2.1382181
       5557.8508       2.1650947
       5559.1307       2.1773588
       5560.4109       2.1523765
       5561.6914       2.1492501
       5562.9722       2.1627289
       5564.2532       2.1547894
       5565.5346       2.1154367
       5566.8163       2.1346515
       5568.0982       2.1395208
       5569.3805       2.1208346
       5570.6630       2.1105252
       5571.9458       2.1225438
       5573.2290       2.1278358
       5574.5124       2.1592636
       5575.7961       2.1773649
       5577.0802       2.1546804
       5578.3645       2.1735268
       5579.6491       2.1628563
       5580.9340       2.1789257
       5582.2192       2.1820262
       5583.5047       2.1641146
       5584.7905       2.1568633
       5586.0766       2.1268577
       5587.3630       2.0736780
       5588.6497       2.0407920
       5589.9367       2.0627305
       5591.2239       2.0635439
       5592.5115       2.0731618
       5593.7994       2.1251369
       5595.0875       2.1120675
       5596.3760       2.0870124
       5597.6648       2.1358600
       5598.9538       2.1234673
       5600.2432       2.0682165
       5601.5328       2.0823385
       5602.8228       2.0779196
       5604.1130       2.0945122
       5605.4036       2.1227194
       5606.6944       2.1633443
       5607.9856       2.2066878
       5609.2770       2.2187581
       5610.5687       2.1987326
       5611.8608       2.1910770
       5613.1531       2.2075371
       5614.4457       2.1616564
       5615.7386       2.1286157
       5617.0319       2.1027118
       5618.3254       2.0856298
       5619.6192       2.1168908
       5620.9133       2.1332005
       5622.2077       2.1206700
       5623.5024       2.1093301
       5624.7974       2.1142787
       5626.0927       2.1280932
       5627.3883       2.1291131
       5628.6842       2.1559945
       5629.9804       2.1641378
       5631.2769       2.1759090
       5632.5737       2.2086305
       5633.8708       2.1891722
       5635.1682       2.1558962
       5636.4659       2.1558836
       5637.7639       2.1551007
       5639.0622       2.1196796
       5640.3608       2.0966970
       5641.6597       2.1144606
       5642.9589       2.1334188
       5644.2584       2.1127030
       5645.5582       2.1393470
       5646.8583       2.1579678
       5648.1586       2.1566041
       5649.4593       2.1770089
       5650.7603       2.1627028
       5652.0616       2.1452461
       5653.3632       2.1536273
       5654.6651       2.1725686
       5655.9673       2.1392297
       5657.2697       2.1049573
       5658.5725       2.1015363
       5659.8756       2.0669714
       5661.1790       2.0778796
       5662.4827       2.0972957
       5663.7867       2.0936816
       5665.0909       2.0974615
       5666.3955       2.0925416
       5667.7004       2.1101752
       5669.0056       2.1383334
       5670.3111       2.1368915
       5671.6169       2.1379703
       5672.9230       2.1798093
       5674.2294       2.1976866
       5675.5360       2.2204925
       5676.8430       2.1776051
       5678.1503       2.1412146
       5679.4579       2.1892700
       5680.7658       2.1615035
       5682.0740       2.1658609
       5683.3825       2.1542886
       5684.6913       2.1367007
       5686.0004       2.1575207
       5687.3098       2.1054316
       5688.6195       2.1114125
       5689.9295       2.1444851
       5691.2398       2.1481163
       5692.5504       2.1936483
       5693.8613       2.1676100
       5695.1725       2.1749297
       5696.4841       2.1907818
       5697.7959       2.1696289
       5699.1080       2.1702828
       5700.4204       2.1536134
       5701.7331       2.1284632
       5703.0462       2.1000835
       5704.3595       2.0892422
       5705.6731       2.0672368
       5706.9870       2.0589150
       5708.3013       2.0692813
       5709.6158       2.0961410
       5710.9307       2.0575831
       5712.2458       2.0695246
       5713.5612       2.1084120
       5714.8770       2.1098950
       5716.1930       2.1687572
       5717.5094       2.1900213
       5718.8260       2.1840791
       5720.1430       2.2131261
       5721.4603       2.2042441
       5722.7778       2.1892011
       5724.0957       2.2077588
       5725.4139       2.1819308
       5726.7324       2.2146076
       5728.0511       2.3319570
       5729.3702       2.2630246
       5730.6896       1.8711262
       5732.0093       1.9094360
       5733.3293       2.3205841
       5734.6496       2.3328605
       5735.9702       2.1136892
       5737.2911       1.9939873
       5738.6123       2.1987402
       5739.9338       2.2266027
       5741.2557       2.1570428
       5742.5778       2.1801996
       5743.9002       2.1846858
       5745.2229       2.1612430
       5746.5460       2.2006747
       5747.8693       2.1975960
       5749.1930       2.1592255
       5750.5169       2.1566649
       5751.8412       2.1521051
       5753.1658       2.1380679
       5754.4906       2.1517973
       5755.8158       2.2117763
       5757.1413       2.1984674
       5758.4671       2.1563994
       5759.7931       2.1764491
       5761.1195       2.1724331
       5762.4462       2.1214025
       5763.7732       2.1076761
       5765.1006       2.1485696
       5766.4282       2.1843521
       5767.7561       2.1795694
       5769.0843       2.1782242
       5770.4129       2.1549150
       5771.7417       2.1704799
       5773.0708       2.1828109
       5774.4003       2.1738877
       5775.7300       2.1748616
       5777.0601       2.1846378
       5778.3905       2.1638574
       5779.7212       2.1125756
       5781.0521       2.0587994
       5782.3834       2.0083893
       5783.7150       2.0181158
       5785.0469       2.0522199
       5786.3791       2.0860152
       5787.7117       2.1013257
       5789.0445       2.1388844
       5790.3776       2.1466233
       5791.7110       2.1610758
       5793.0448       2.1872276
       5794.3788       2.1996368
       5795.7132       2.1424725
       5797.0479       2.1398425
       5798.3828       2.1469757
       5799.7181       2.1376303
       5801.0537       2.1601719
       5802.3896       2.1874897
       5803.7258       2.1993094
       5805.0623       2.1728548
       5806.3991       2.1498852
       5807.7363       2.1315916
       5809.0737       2.1447288
       5810.4114       2.1808954
       5811.7495       2.1823861
       5813.0879       2.1447312
       5814.4265       2.1491210
       5815.7655       2.1827150
       5817.1048       2.1583055
       5818.4444       2.1759366
       5819.7843       2.2169179
       5821.1245       2.1930540
       5822.4650       2.1740082
       5823.8058       2.1832369
       5825.1470       2.2190985
       5826.4884       2.2114877
       5827.8302       2.1950420
       5829.1722       2.1631229
       5830.5146       2.2067137
       5831.8573       2.1880867
       5833.2003       2.1843889
       5834.5436       2.2206860
       5835.8872       2.2019185
       5837.2311       2.1539152
       5838.5753       2.1789954
       5839.9198       2.2074981
       5841.2647       2.2028237
       5842.6099       2.2059851
       5843.9553       2.1709259
       5845.3011       2.1677455
       5846.6472       2.1416228
       5847.9936       2.1411818
       5849.3403       2.1563776
       5850.6873       2.1541548
       5852.0346       2.1425764
       5853.3823       2.1087234
       5854.7302       2.0752804
       5856.0785       2.0649798
       5857.4270       2.0582650
       5858.7759       2.0727526
       5860.1251       2.0870575
       5861.4746       2.0703008
       5862.8244       2.0792976
       5864.1745       2.0875914
       5865.5250       2.1046944
       5866.8757       2.1338598
       5868.2267       2.1237383
       5869.5781       2.1259002
       5870.9298       2.1639846
       5872.2818       2.1660034
       5873.6341       2.2280613
       5874.9867       2.2931711
       5876.3396       2.3492830
       5877.6928       2.3708235
       5879.0464       2.3028808
       5880.4002       2.1999027
       5881.7544       2.1260490
       5883.1089       2.1026708
       5884.4637       2.1157619
       5885.8188       2.1136892
       5887.1742       2.0518041
       5888.5299       1.9615915
       5889.8860       1.8274555
       5891.2423       1.7506519
       5892.5990       1.8077141
       5893.9560       1.8478356
       5895.3133       1.8586523
       5896.6709       1.8224242
       5898.0288       1.8652903
       5899.3870       1.9510344
       5900.7455       2.0065106
       5902.1044       2.0960291
       5903.4636       2.1225014
       5904.8230       2.0826914
       5906.1828       2.1363394
       5907.5429       2.1094494
       5908.9034       2.0976813
       5910.2641       2.1508097
       5911.6251       2.1273570
       5912.9865       2.1233091
       5914.3482       2.1029195
       5915.7101       2.0598742
       5917.0724       2.0852469
       5918.4351       2.1160235
       5919.7980       2.0953893
       5921.1612       2.0956692
       5922.5248       2.1051432
       5923.8886       2.0931775
       5925.2528       2.1087556
       5926.6173       2.1059382
       5927.9821       2.1079481
       5929.3473       2.0917285
       5930.7127       2.1014303
       5932.0785       2.1062026
       5933.4445       2.1142558
       5934.8109       2.1368369
       5936.1776       2.1156215
       5937.5446       2.0845633
       5938.9120       2.1134152
       5940.2796       2.1283026
       5941.6476       2.1252578
       5943.0158       2.1191428
       5944.3844       2.1457861
       5945.7533       2.1431885
       5947.1225       2.1264802
       5948.4921       2.1444811
       5949.8619       2.1134278
       5951.2321       2.0815026
       5952.6026       2.0843205
       5953.9734       2.0793953
       5955.3445       2.0805368
       5956.7159       2.0872941
       5958.0876       2.0751280
       5959.4597       2.0874922
       5960.8321       2.1276502
       5962.2048       2.1259028
       5963.5778       2.1225531
       5964.9511       2.1156221
       5966.3247       2.0921249
       5967.6987       2.0939960
       5969.0729       2.1111875
       5970.4475       2.1321078
       5971.8224       2.1151190
       5973.1977       2.1057570
       5974.5732       2.1293831
       5975.9491       2.1173102
       5977.3252       2.1012544
       5978.7017       2.1247905
       5980.0785       2.1186408
       5981.4556       2.1036642
       5982.8331       2.1043516
       5984.2108       2.0758336
       5985.5889       2.0669364
       5986.9673       2.0759479
       5988.3460       2.0778259
       5989.7250       2.0930108
       5991.1044       2.1026304
       5992.4840       2.0834997
       5993.8640       2.0814354
       5995.2443       2.1120760
       5996.6249       2.1119272
       5998.0059       2.0978972
       5999.3871       2.0790438
       6000.7687       2.0825015
       6002.1506       2.0887383
       6003.5328       2.1245037
       6004.9153       2.1350092
       6006.2981       2.0888055
       6007.6813       2.0569814
       6009.0648       2.0541787
       6010.4486       2.0663665
       6011.8327       2.0582391
       6013.2171       2.0505896
       6014.6019       2.0612919
       6015.9870       2.0651783
       6017.3724       2.0514984
       6018.7581       2.0648748
       6020.1441       2.0638377
       6021.5304       2.0742167
       6022.9171       2.0554973
       6024.3041       2.0377699
       6025.6914       2.0784646
       6027.0790       2.1187565
       6028.4670       2.1092572
       6029.8552       2.0768249
       6031.2438       2.1187468
       6032.6327       2.1328148
       6034.0220       2.1197141
       6035.4115       2.1457266
       6036.8014       2.1441548
       6038.1916       2.1643125
       6039.5821       2.1438213
       6040.9729       2.0913297
       6042.3640       2.1265164
       6043.7555       2.1624685
       6045.1473       2.1280591
       6046.5394       2.1325164
       6047.9318       2.1365680
       6049.3246       2.1253565
       6050.7176       2.1324859
       6052.1110       2.1498594
       6053.5047       2.1543549
       6054.8988       2.1259786
       6056.2931       2.1079325
       6057.6878       2.0770638
       6059.0828       2.1098869
       6060.4781       2.1251266
       6061.8737       2.0740412
       6063.2697       2.0871705
       6064.6660       2.1124355
       6066.0626       2.0668133
       6067.4595       2.0746764
       6068.8568       2.1044764
       6070.2543       2.1085425
       6071.6522       2.1172643
       6073.0504       2.1564153
       6074.4489       2.1397530
       6075.8478       2.1127320
       6077.2470       2.1234858
       6078.6465       2.1117653
       6080.0463       2.1193406
       6081.4464       2.0920814
       6082.8469       2.0491930
       6084.2477       2.0671811
       6085.6488       2.0842101
       6087.0502       2.1091935
       6088.4520       2.1130823
       6089.8541       2.0915091
       6091.2565       2.0953648
       6092.6592       2.0586628
       6094.0623       2.0666637
       6095.4656       2.1421449
       6096.8693       2.1530917
       6098.2733       2.1166930
       6099.6777       2.0809181
       6101.0823       2.0817018
       6102.4873       2.0573721
       6103.8926       2.0260038
       6105.2983       2.0510902
       6106.7042       2.0692049
       6108.1105       2.1016229
       6109.5171       2.1026158
       6110.9241       2.1036539
       6112.3313       2.1208597
       6113.7389       2.1084859
       6115.1468       2.1210479
       6116.5550       2.1352926
       6117.9636       2.1345222
       6119.3724       2.0977718
       6120.7816       2.0406952
       6122.1912       2.0050395
       6123.6010       2.0436002
       6125.0112       2.0689197
       6126.4217       2.0709884
       6127.8325       2.0563916
       6129.2437       1.9528951
       6130.6551       1.9433845
       6132.0669       2.0763681
       6133.4791       2.1731306
       6134.8915       2.1165496
       6136.3043       2.0004206
       6137.7174       2.0088521
       6139.1308       1.9849555
       6140.5446       1.9773599
       6141.9586       2.0160114
       6143.3730       2.0280268
       6144.7878       2.0553254
       6146.2028       2.0740081
       6147.6182       2.0660087
       6149.0339       2.0335333
       6150.4499       2.0910855
       6151.8663       2.0943373
       6153.2830       2.0233982
       6154.7000       2.0589139
       6156.1173       2.0516815
       6157.5350       1.9980566
       6158.9530       1.9896721
       6160.3713       1.9750207
       6161.7899       1.9366857
       6163.2089       1.8981505
       6164.6282       1.9152336
       6166.0478       1.9463285
       6167.4677       1.9580995
       6168.8880       1.9545387
       6170.3086       1.9460575
       6171.7295       1.9798646
       6173.1508       1.9773262
       6174.5724       1.9677784
       6175.9943       2.0002384
       6177.4165       2.0083183
       6178.8391       2.0185519
       6180.2620       2.0121661
       6181.6852       2.0040715
       6183.1088       2.0201668
       6184.5326       2.0230436
       6185.9569       2.0165378
       6187.3814       2.0011488
       6188.8062       1.9957748
       6190.2314       1.9791590
       6191.6570       1.9178788
       6193.0828       1.9228090
       6194.5090       2.0018411
       6195.9355       2.0319818
       6197.3623       2.0017247
       6198.7895       2.0280573
       6200.2170       2.0333716
       6201.6448       2.0188716
       6203.0729       2.0189241
       6204.5014       2.0149790
       6205.9302       2.0505934
       6207.3593       2.0646945
       6208.7888       2.0534141
       6210.2186       2.0277044
       6211.6487       2.0016068
       6213.0792       2.0131842
       6214.5099       1.9984735
       6215.9410       1.9764617
       6217.3725       1.9411241
       6218.8042       1.9295032
       6220.2363       1.9625359
       6221.6688       1.9885158
       6223.1015       1.9992918
       6224.5346       1.9867847
       6225.9680       1.9884576
       6227.4018       1.9942215
       6228.8359       1.9501739
       6230.2703       1.9483525
       6231.7050       1.9573135
       6233.1401       1.9502180
       6234.5755       1.9652829
       6236.0112       1.9603424
       6237.4473       1.9832658
       6238.8837       1.9956668
       6240.3204       1.9728384
       6241.7574       1.9537933
       6243.1948       1.9402434
       6244.6325       1.9073391
       6246.0706       1.9179242
       6247.5089       1.9508136
       6248.9477       1.9649417
       6250.3867       1.9485690
       6251.8261       1.9538423
       6253.2658       1.9498299
       6254.7058       1.9293926
       6256.1462       1.9182525
       6257.5869       1.9097184
       6259.0279       1.9122387
       6260.4692       1.9308995
       6261.9109       1.9503187
       6263.3530       1.9715554
       6264.7953       1.9975408
       6266.2380       1.9909531
       6267.6810       1.9899449
       6269.1244       1.9957443
       6270.5681       1.9983658
       6272.0121       1.9948215
       6273.4564       2.0100801
       6274.9011       2.0154386
       6276.3461       2.0038504
       6277.7915       2.0030123
       6279.2372       1.9754485
       6280.6832       1.9432246
       6282.1295       1.9213207
       6283.5762       1.9160725
       6285.0232       1.9140892
       6286.4706       1.9222960
       6287.9182       1.9476095
       6289.3663       1.9769107
       6290.8146       1.9651799
       6292.2633       1.9844228
       6293.7123       1.9993997
       6295.1616       2.0171209
       6296.6113       2.0555875
       6298.0613       2.0894266
       6299.5117       2.1629398
       6300.9624       2.2328113
       6302.4134       2.2652577
       6303.8647       2.2231902
       6305.3164       2.0819014
       6306.7685       2.0210838
       6308.2208       2.0110432
       6309.6735       1.9895857
       6311.1265       2.0084873
       6312.5799       2.0051443
       6314.0336       1.9899826
       6315.4876       1.9798833
       6316.9420       1.9427626
       6318.3967       1.9188731
       6319.8517       1.9251703
       6321.3071       1.9434294
       6322.7628       1.9654123
       6324.2188       1.9779503
       6325.6752       2.0042438
       6327.1319       2.0928892
       6328.5889       2.1624607
       6330.0463       2.0036437
       6331.5040       2.0101001
       6332.9621       2.0182998
       6334.4205       2.0042441
       6335.8792       1.9828205
       6337.3382       1.9897580
       6338.7976       1.9829758
       6340.2574       1.9764752
       6341.7174       1.9990661
       6343.1778       1.9915988
       6344.6386       1.9794102
       6346.0996       2.0124804
       6347.5610       2.0140185
       6349.0228       1.9877638
       6350.4849       2.0046214
       6351.9473       2.0185851
       6353.4101       2.0071783
       6354.8732       1.9964414
       6356.3366       1.9742734
       6357.8004       1.9954608
       6359.2645       1.9557380
       6360.7289       1.9293648
       6362.1937       1.9621506
       6363.6588       1.9860292
       6365.1243       2.0102454
       6366.5901       2.0467790
       6368.0562       2.0455879
       6369.5227       2.0100489
       6370.9895       1.9920293
       6372.4566       2.0080659
       6373.9241       2.0018798
       6375.3919       2.0005688
       6376.8601       2.0127908
       6378.3286       2.0152228
       6379.7974       1.9857032
       6381.2666       1.9746315
       6382.7361       1.9667818
       6384.2059       2.0448400
       6385.6761       2.1008922
       6387.1466       2.0198891
       6388.6175       2.0215248
       6390.0887       2.0026117
       6391.5602       1.9657168
       6393.0321       1.9925461
       6394.5043       1.9727615
       6395.9769       1.9676674
       6397.4498       1.9780072
       6398.9230       1.9607158
       6400.3966       1.9712343
       6401.8705       1.9624231
       6403.3448       1.9659978
       6404.8194       2.0151541
       6406.2943       2.0091358
       6407.7696       2.0053503
       6409.2452       2.0031809
       6410.7211       1.9901010
       6412.1974       1.9883718
       6413.6741       1.9842329
       6415.1510       1.9761455
       6416.6284       1.9862022
       6418.1060       2.0164845
       6419.5840       1.9989979
       6421.0623       1.9698161
       6422.5410       1.9712661
       6424.0200       1.9995137
       6425.4994       2.0357870
       6426.9791       2.0412455
       6428.4591       2.0263602
       6429.9395       2.0059984
       6431.4202       1.9948127
       6432.9013       1.9844932
       6434.3827       1.9855989
       6435.8644       1.9832865
       6437.3465       1.9876918
       6438.8289       2.0021873
       6440.3117       1.9969526
       6441.7948       2.0073211
       6443.2782       2.0162939
       6444.7620       2.0417918
       6446.2462       2.0385026
       6447.7306       2.0168717
       6449.2155       2.0080685
       6450.7006       1.9623978
       6452.1861       1.9423043
       6453.6720       1.9617570
       6455.1581       1.9738522
       6456.6447       1.9790489
       6458.1315       1.9615913
       6459.6188       1.9702322
       6461.1063       1.9867068
       6462.5942       1.9629917
       6464.0824       1.9665070
       6465.5710       1.9818719
       6467.0599       1.9993053
       6468.5492       2.0039595
       6470.0388       2.0185510
       6471.5288       2.0202552
       6473.0191       2.0211763
       6474.5097       2.0119062
       6476.0007       2.0274023
       6477.4920       2.0369749
       6478.9837       2.0106460
       6480.4757       2.0189721
       6481.9681       2.0314822
       6483.4608       1.9939672
       6484.9538       1.9816661
       6486.4472       1.9952320
       6487.9409       2.0072383
       6489.4350       2.0119597
       6490.9294       1.9893149
       6492.4242       1.9529067
       6493.9193       1.9169933
       6495.4147       1.8676434
       6496.9105       1.8604329
       6498.4067       1.8718823
       6499.9032       1.9051906
       6501.4000       1.9447257
       6502.8972       1.9568572
       6504.3947       1.9930970
       6505.8926       2.0146343
       6507.3908       2.0130353
       6508.8893       2.0131599
       6510.3882       2.0020319
       6511.8875       2.0209394
       6513.3871       2.0114355
       6514.8870       1.9823645
       6516.3873       1.9798640
       6517.8879       1.9932481
       6519.3889       1.9801596
       6520.8902       1.9924473
       6522.3918       2.0051737
       6523.8939       2.0049825
       6525.3962       2.0090371
       6526.8989       1.9993174
       6528.4020       1.9867540
       6529.9054       1.9729476
       6531.4091       1.9827400
       6532.9132       1.9971131
       6534.4176       1.9929285
       6535.9224       2.0035716
       6537.4275       2.0090118
       6538.9330       2.0049575
       6540.4388       2.0197963
       6541.9450       2.0078415
       6543.4515       2.0234181
       6544.9583       2.2207496
       6546.4655       2.5987991
       6547.9731       2.9066331
       6549.4810       3.0206901
       6550.9892       2.9519576
       6552.4978       2.6022487
       6554.0068       2.1380518
       6555.5161       1.9373286
       6557.0257       1.9169928
       6558.5357       2.3808234
       6560.0460       4.4576810
       6561.5567       7.6457361
       6563.0677       9.6012550
       6564.5791       10.248951
       6566.0908       9.3701758
       6567.6029       6.1694601
       6569.1153       3.1066109
       6570.6281       1.9955206
       6572.1412       1.9187386
       6573.6547       1.8870934
       6575.1685       1.8883345
       6576.6827       1.9280840
       6578.1972       1.9819546
       6579.7120       2.3708483
       6581.2272       3.4071099
       6582.7428       4.5448572
       6584.2587       5.1644824
       6585.7750       5.2985511
       6587.2916       4.5962815
       6588.8085       3.1828131
       6590.3258       2.2140747
       6591.8435       2.0018061
       6593.3615       1.9562862
       6594.8798       1.9463932
       6596.3985       1.9551531
       6597.9176       1.9599774
       6599.4370       1.9708478
       6600.9567       1.9872546
       6602.4768       1.9942322
       6603.9973       1.9886477
       6605.5181       1.9926308
       6607.0392       1.9747090
       6608.5607       1.9641445
       6610.0826       1.9675096
       6611.6048       1.9736949
       6613.1274       1.9810909
       6614.6503       1.9813662
       6616.1735       2.0060487
       6617.6971       2.0184068
       6619.2211       2.0094441
       6620.7454       2.0279423
       6622.2700       2.0109768
       6623.7951       1.9926769
       6625.3204       1.9950067
       6626.8461       1.9784169
       6628.3722       1.9795725
       6629.8986       1.9778591
       6631.4254       1.9745486
       6632.9525       1.9625107
       6634.4800       1.9567234
       6636.0078       1.9615694
       6637.5360       1.9812764
       6639.0645       1.9948431
       6640.5934       1.9804234
       6642.1226       1.9531100
       6643.6522       1.9658995
       6645.1821       1.9896698
       6646.7124       1.9981398
       6648.2430       1.9852991
       6649.7740       2.0103424
       6651.3054       1.9912221
       6652.8371       1.9699973
       6654.3691       1.9704587
       6655.9015       1.9794680
       6657.4343       2.0141118
       6658.9674       1.9685123
       6660.5008       1.9472741
       6662.0346       1.9501278
       6663.5688       1.9511837
       6665.1033       1.9646397
       6666.6382       1.9624093
       6668.1734       1.9438923
       6669.7090       1.9548803
       6671.2449       1.9848540
       6672.7812       1.9868275
       6674.3179       1.9787878
       6675.8549       2.0001671
       6677.3922       1.9637246
       6678.9299       1.9783800
       6680.4680       2.0362167
       6682.0064       1.9528930
       6683.5452       1.9225163
       6685.0843       2.0034519
       6686.6238       2.0303292
       6688.1636       1.9769402
       6689.7038       1.9820159
       6691.2443       1.9988253
       6692.7852       1.9632001
       6694.3264       2.0016814
       6695.8680       2.0069470
       6697.4100       1.9744380
       6698.9523       1.9429123
       6700.4950       1.9262223
       6702.0380       1.9745050
       6703.5814       2.0100246
       6705.1251       1.9627394
       6706.6692       1.9426698
       6708.2137       1.9540037
       6709.7585       1.9654402
       6711.3036       1.9914210
       6712.8491       2.1721706
       6714.3950       2.7402215
       6715.9412       3.2469213
       6717.4878       3.4085514
       6719.0347       3.4758484
       6720.5820       3.1407073
       6722.1297       2.4489113
       6723.6777       2.0517373
       6725.2261       1.9441925
       6726.7748       2.0129836
       6728.3238       2.3611403
       6729.8733       2.7573340
       6731.4231       2.9883322
       6732.9732       3.0938208
       6734.5237       2.9107398
       6736.0746       2.4481811
       6737.6258       2.0614645
       6739.1774       1.9350215
       6740.7293       1.9191439
       6742.2816       1.9233232
       6743.8342       1.9242578
       6745.3872       1.9239350
       6746.9406       1.9326697
       6748.4943       1.9403823
       6750.0484       1.9320347
       6751.6028       1.9166993
       6753.1576       1.9172052
       6754.7128       1.9238986
       6756.2683       1.9227791
       6757.8242       1.9677714
       6759.3804       1.9748472
       6760.9370       1.9702263
       6762.4939       1.9685603
       6764.0512       1.9265394
       6765.6089       1.8907686
       6767.1669       1.9247170
       6768.7253       1.9556970
       6770.2840       1.9356203
       6771.8431       1.9193669
       6773.4025       1.9156428
       6774.9624       1.9347534
       6776.5225       1.9639373
       6778.0831       1.9604694
       6779.6440       1.9487227
       6781.2052       1.9734957
       6782.7668       1.9843661
       6784.3288       1.9217425
       6785.8911       1.8939587
       6787.4538       1.8838120
       6789.0168       1.9494579
       6790.5803       2.0154578
       6792.1440       1.9310267
       6793.7082       1.8917369
       6795.2726       1.9456630
       6796.8375       1.9501888
       6798.4027       1.9489002
       6799.9683       1.9671213
       6801.5342       1.9684208
       6803.1005       1.9427664
       6804.6671       1.9511410
       6806.2342       1.9599370
       6807.8015       1.9462811
       6809.3693       1.9435165
       6810.9374       1.9537707
       6812.5058       1.9359674
       6814.0746       1.9524789
       6815.6438       1.9642580
       6817.2134       1.9415435
       6818.7833       1.9261610
       6820.3535       1.9454545
       6821.9242       1.9948361
       6823.4951       1.9674107
       6825.0665       1.9146560
       6826.6382       1.9420714
       6828.2103       1.9472231
       6829.7827       1.9350675
       6831.3555       1.9360635
       6832.9287       1.9562268
       6834.5022       1.9578310
       6836.0761       1.9538417
       6837.6503       1.9509822
       6839.2249       1.9397929
       6840.7999       1.9095826
       6842.3752       1.9223136
       6843.9509       1.9086112
       6845.5270       1.9323332
       6847.1034       1.9605329
       6848.6802       1.9395557
       6850.2573       1.9454062
       6851.8348       1.9362998
       6853.4127       1.9074701
       6854.9910       1.8801509
       6856.5696       1.9173696
       6858.1485       1.9261466
       6859.7279       1.9085223
       6861.3076       1.9088439
       6862.8876       1.9068328
       6864.4680       1.9269441
       6866.0488       1.9364090
       6867.6300       1.9359985
       6869.2115       1.9513137
       6870.7933       1.9611330
       6872.3756       1.9465989
       6873.9582       1.9458246
       6875.5412       1.9303535
       6877.1245       1.9296293
       6878.7082       1.9492316
       6880.2923       1.9499383
       6881.8767       1.9303598
       6883.4615       1.9362311
       6885.0466       1.9317065
       6886.6322       1.9360785
       6888.2181       1.9349931
       6889.8043       1.9653813
       6891.3909       1.9728288
       6892.9779       1.9525838
       6894.5653       1.9512646
       6896.1530       1.9642371
       6897.7411       1.9807414
       6899.3295       1.9536067
       6900.9183       1.9447040
       6902.5075       1.9589980
       6904.0970       1.9495597
       6905.6869       1.9640805
       6907.2772       1.9596940
       6908.8679       1.9495842
       6910.4589       1.9714747
       6912.0502       1.9745651
       6913.6420       1.9441126
       6915.2341       1.9310162
       6916.8266       1.9399265
       6918.4194       1.9427423
       6920.0126       1.9482598
       6921.6062       1.9529301
       6923.2001       1.9372262
       6924.7944       1.9277433
       6926.3891       1.9262014
       6927.9842       1.9231165
       6929.5796       1.9272076
       6931.1754       1.9333111
       6932.7715       1.9291495
       6934.3680       1.9463354
       6935.9649       1.9429524
       6937.5621       1.9325436
       6939.1598       1.9376624
       6940.7577       1.9384928
       6942.3561       1.9385120
       6943.9548       1.9288205
       6945.5539       1.9157233
       6947.1534       1.9053181
       6948.7532       1.9321999
       6950.3534       1.9355151
       6951.9539       1.9259890
       6953.5549       1.9027951
       6955.1562       1.9075766
       6956.7578       1.9191323
       6958.3599       1.9218859
       6959.9623       1.9424331
       6961.5651       1.9482028
       6963.1682       1.9516608
       6964.7717       1.9577679
       6966.3756       1.9496190
       6967.9799       1.9544522
       6969.5845       1.9455897
       6971.1895       1.9356679
       6972.7948       1.9475144
       6974.4006       1.9344822
       6976.0067       1.9254380
       6977.6131       1.9066954
       6979.2200       1.8708162
       6980.8272       1.8626839
       6982.4348       1.9052508
       6984.0427       1.9263637
       6985.6510       1.9655082
       6987.2597       1.9707362
       6988.8688       1.9539903
       6990.4782       1.9561894
       6992.0880       1.9245942
       6993.6982       1.9280236
       6995.3087       1.9518806
       6996.9196       1.9439532
       6998.5309       1.9223667
       7000.1426       1.931580